000100
000520
001360
002630
003000
004310
005257
005690
007390
007460
009290
009420
011000
019170
028300
032940
036220
039200
041920
042520
046210
048410
048530
049180
059090
060280
060590
064550
065170
065660
067080
067630
071950
078160
082270
082800
084650
084990
086040
086890
086900
087010
094170
095700
097950
098460
099190
102940
114450
115180
128940
137310
138610
140410
141080
145020
170900
174900
187220
191420
196170
199550
200670
200780
206650
214150
214370
214390
214450
215380
215600
221800
226950
228760
237690
240550
246250
249420
263050
271980
285130
294090
298380
304360
308430
314130
326030
328130
338840
347850
348080
352770
358570
373110
383930
384470
389650
394800
397030
424870
445680
450330
456070
458870
461030
462510
475830
475960
476040
950160
